h approx_res analytical_res
1.01 0.0144619 0.0144618
1.02 0.0286401 0.0286399
1.03 0.0425427 0.0425423
1.04 0.0561775 0.056177
1.05 0.069552 0.0695514
1.06 0.0826734 0.0826727
1.07 0.0955487 0.0955479
1.08 0.108185 0.108184
1.09 0.120587 0.120586
1.1 0.132764 0.132763
1.11 0.144719 0.144718
1.12 0.156459 0.156458
1.13 0.16799 0.167989
1.14 0.179317 0.179316
1.15 0.190445 0.190444
1.16 0.201379 0.201378
1.17 0.212125 0.212123
1.18 0.222686 0.222684
1.19 0.233067 0.233065
1.2 0.243272 0.24327
1.21 0.253307 0.253305
1.22 0.263174 0.263172
1.23 0.272878 0.272876
1.24 0.282423 0.282421
1.25 0.291812 0.29181
1.26 0.301049 0.301047
1.27 0.310138 0.310135
1.28 0.319081 0.319079
1.29 0.327883 0.32788
1.3 0.336545 0.336542
1.31 0.345072 0.345069
1.32 0.353466 0.353463
1.33 0.361731 0.361728
1.34 0.369868 0.369865
1.35 0.377881 0.377878
1.36 0.385772 0.385769
1.37 0.393544 0.393541
1.38 0.401199 0.401196
1.39 0.40874 0.408737
1.4 0.41617 0.416166
1.41 0.423489 0.423486
1.42 0.430701 0.430698
1.43 0.437808 0.437805
1.44 0.444812 0.444809
1.45 0.451715 0.451711
1.46 0.458518 0.458515
1.47 0.465225 0.465221
1.48 0.471836 0.471832
1.49 0.478353 0.478349
1.5 0.484779 0.484775
1.51 0.491115 0.491111
1.52 0.497362 0.497358
1.53 0.503523 0.503519
1.54 0.509599 0.509595
1.55 0.515591 0.515587
1.56 0.521501 0.521497
1.57 0.527331 0.527327
1.58 0.533082 0.533078
1.59 0.538755 0.538751
1.6 0.544352 0.544348
1.61 0.549874 0.54987
1.62 0.555322 0.555318
1.63 0.560699 0.560694
1.64 0.566004 0.565999
1.65 0.571239 0.571234
1.66 0.576405 0.576401
1.67 0.581504 0.5815
1.68 0.586536 0.586532
1.69 0.591504 0.591499
1.7 0.596407 0.596402
1.71 0.601247 0.601242
1.72 0.606024 0.60602
1.73 0.610741 0.610737
1.74 0.615398 0.615393
1.75 0.619995 0.619991
1.76 0.624535 0.62453
1.77 0.629016 0.629012
1.78 0.633442 0.633438
1.79 0.637812 0.637808
1.8 0.642128 0.642123
1.81 0.646389 0.646385
1.82 0.650598 0.650594
1.83 0.654755 0.65475
1.84 0.65886 0.658855
1.85 0.662915 0.66291
1.86 0.666919 0.666915
1.87 0.670875 0.670871
1.88 0.674783 0.674778
1.89 0.678642 0.678638
1.9 0.682455 0.682451
1.91 0.686222 0.686217
1.92 0.689943 0.689938
1.93 0.693619 0.693614
1.94 0.697251 0.697246
1.95 0.700839 0.700834
1.96 0.704384 0.70438
1.97 0.707887 0.707882
1.98 0.711348 0.711343
1.99 0.714768 0.714763
2 0.718147 0.718142
2.01 0.721486 0.721481
2.02 0.724785 0.724781
2.03 0.728045 0.728041
2.04 0.731267 0.731263
2.05 0.734452 0.734447
2.06 0.737598 0.737594
2.07 0.740708 0.740703
2.08 0.743781 0.743777
2.09 0.746818 0.746814
2.1 0.74982 0.749816
2.11 0.752787 0.752783
2.12 0.75572 0.755715
2.13 0.758618 0.758613
2.14 0.761482 0.761478
2.15 0.764314 0.764309
2.16 0.767112 0.767108
2.17 0.769879 0.769874
2.18 0.772613 0.772609
2.19 0.775316 0.775312
2.2 0.777988 0.777983
2.21 0.780629 0.780624
2.22 0.783239 0.783235
2.23 0.78582 0.785815
2.24 0.788371 0.788367
2.25 0.790893 0.790888
2.26 0.793385 0.793381
2.27 0.79585 0.795846
2.28 0.798286 0.798282
2.29 0.800695 0.800691
2.3 0.803076 0.803072
2.31 0.80543 0.805425
2.32 0.807757 0.807753
2.33 0.810057 0.810053
2.34 0.812332 0.812328
2.35 0.81458 0.814576
2.36 0.816803 0.816799
2.37 0.819001 0.818997
2.38 0.821174 0.82117
2.39 0.823322 0.823318
2.4 0.825446 0.825442
2.41 0.827546 0.827542
2.42 0.829622 0.829618
2.43 0.831674 0.831671
2.44 0.833704 0.8337
2.45 0.83571 0.835706
2.46 0.837694 0.83769
2.47 0.839655 0.839651
2.48 0.841594 0.84159
2.49 0.843511 0.843508
2.5 0.845407 0.845403
2.51 0.847281 0.847277
2.52 0.849134 0.84913
2.53 0.850966 0.850962
2.54 0.852777 0.852774
2.55 0.854568 0.854565
2.56 0.856339 0.856335
2.57 0.858089 0.858086
2.58 0.85982 0.859817
2.59 0.861532 0.861528
2.6 0.863224 0.86322
2.61 0.864897 0.864893
2.62 0.866551 0.866547
2.63 0.868186 0.868183
2.64 0.869803 0.8698
2.65 0.871401 0.871398
2.66 0.872982 0.872979
2.67 0.874545 0.874541
2.68 0.87609 0.876086
2.69 0.877617 0.877614
2.7 0.879127 0.879124
2.71 0.88062 0.880617
2.72 0.882097 0.882094
2.73 0.883556 0.883553
2.74 0.884999 0.884996
2.75 0.886426 0.886423
2.76 0.887836 0.887833
2.77 0.88923 0.889228
2.78 0.890609 0.890606
2.79 0.891972 0.891969
2.8 0.893319 0.893317
2.81 0.894651 0.894649
2.82 0.895968 0.895966
2.83 0.89727 0.897268
2.84 0.898557 0.898555
2.85 0.89983 0.899827
2.86 0.901088 0.901085
2.87 0.902331 0.902329
2.88 0.903561 0.903558
2.89 0.904776 0.904774
2.9 0.905977 0.905975
2.91 0.907165 0.907163
2.92 0.908339 0.908337
2.93 0.9095 0.909497
2.94 0.910647 0.910645
2.95 0.911781 0.911779
2.96 0.912902 0.9129
2.97 0.914011 0.914008
2.98 0.915106 0.915104
2.99 0.916189 0.916187
3 0.917259 0.917257
3.01 0.918317 0.918315
3.02 0.919363 0.919361
3.03 0.920397 0.920395
3.04 0.921418 0.921416
3.05 0.922428 0.922426
3.06 0.923426 0.923425
3.07 0.924413 0.924411
3.08 0.925388 0.925386
3.09 0.926352 0.92635
3.1 0.927305 0.927303
3.11 0.928246 0.928244
3.12 0.929177 0.929175
3.13 0.930096 0.930095
3.14 0.931005 0.931004
3.15 0.931904 0.931902
3.16 0.932791 0.93279
3.17 0.933669 0.933667
3.18 0.934536 0.934534
3.19 0.935393 0.935391
3.2 0.936239 0.936238
3.21 0.937076 0.937075
3.22 0.937903 0.937902
3.23 0.93872 0.938719
3.24 0.939528 0.939526
3.25 0.940326 0.940324
3.26 0.941114 0.941113
3.27 0.941893 0.941892
3.28 0.942663 0.942662
3.29 0.943424 0.943423
3.3 0.944176 0.944175
3.31 0.944919 0.944917
3.32 0.945652 0.945651
3.33 0.946378 0.946376
3.34 0.947094 0.947093
3.35 0.947802 0.947801
3.36 0.948501 0.9485
3.37 0.949192 0.949191
3.38 0.949875 0.949874
3.39 0.950549 0.950548
3.4 0.951215 0.951214
3.41 0.951874 0.951873
3.42 0.952524 0.952523
3.43 0.953166 0.953165
3.44 0.953801 0.9538
3.45 0.954428 0.954427
3.46 0.955047 0.955046
3.47 0.955659 0.955658
3.48 0.956263 0.956262
3.49 0.95686 0.956859
3.5 0.95745 0.957449
3.51 0.958032 0.958032
3.52 0.958607 0.958607
3.53 0.959176 0.959175
3.54 0.959737 0.959736
3.55 0.960291 0.960291
3.56 0.960839 0.960838
3.57 0.961379 0.961379
3.58 0.961913 0.961913
3.59 0.962441 0.96244
3.6 0.962962 0.962961
3.61 0.963476 0.963476
3.62 0.963984 0.963984
3.63 0.964486 0.964485
3.64 0.964981 0.964981
3.65 0.96547 0.96547
3.66 0.965953 0.965953
3.67 0.96643 0.96643
3.68 0.966901 0.966901
3.69 0.967367 0.967366
3.7 0.967826 0.967826
3.71 0.968279 0.968279
3.72 0.968727 0.968727
3.73 0.969169 0.969169
3.74 0.969606 0.969606
3.75 0.970037 0.970036
3.76 0.970462 0.970462
3.77 0.970882 0.970882
3.78 0.971297 0.971297
3.79 0.971706 0.971706
3.8 0.97211 0.97211
3.81 0.972509 0.972509
3.82 0.972903 0.972903
3.83 0.973292 0.973292
3.84 0.973676 0.973676
3.85 0.974055 0.974055
3.86 0.974429 0.974429
3.87 0.974798 0.974798
3.88 0.975162 0.975162
3.89 0.975522 0.975522
3.9 0.975877 0.975877
3.91 0.976227 0.976227
3.92 0.976573 0.976573
3.93 0.976914 0.976914
3.94 0.977251 0.977251
3.95 0.977584 0.977584
3.96 0.977912 0.977912
3.97 0.978235 0.978235
3.98 0.978555 0.978555
3.99 0.97887 0.97887
4 0.979181 0.979181
4.01 0.979488 0.979488
4.02 0.979791 0.979791
4.03 0.98009 0.98009
4.04 0.980385 0.980385
4.05 0.980676 0.980676
4.06 0.980963 0.980963
4.07 0.981246 0.981246
4.08 0.981526 0.981526
4.09 0.981801 0.981802
4.1 0.982073 0.982074
4.11 0.982342 0.982342
4.12 0.982606 0.982607
4.13 0.982868 0.982868
4.14 0.983125 0.983126
4.15 0.983379 0.98338
4.16 0.98363 0.983631
4.17 0.983878 0.983878
4.18 0.984121 0.984122
4.19 0.984362 0.984363
4.2 0.984599 0.9846
4.21 0.984834 0.984834
4.22 0.985064 0.985065
4.23 0.985292 0.985293
4.24 0.985517 0.985517
4.25 0.985738 0.985739
4.26 0.985957 0.985957
4.27 0.986172 0.986173
4.28 0.986385 0.986385
4.29 0.986594 0.986595
4.3 0.986801 0.986801
4.31 0.987004 0.987005
4.32 0.987205 0.987206
4.33 0.987403 0.987404
4.34 0.987599 0.987599
4.35 0.987791 0.987792
4.36 0.987981 0.987982
4.37 0.988168 0.988169
4.38 0.988353 0.988353
4.39 0.988535 0.988535
4.4 0.988714 0.988715
4.41 0.988891 0.988892
4.42 0.989065 0.989066
4.43 0.989237 0.989238
4.44 0.989407 0.989407
4.45 0.989574 0.989574
4.46 0.989738 0.989739
4.47 0.989901 0.989901
4.48 0.990061 0.990061
4.49 0.990218 0.990219
4.5 0.990374 0.990374
4.51 0.990527 0.990528
4.52 0.990678 0.990679
4.53 0.990827 0.990827
4.54 0.990973 0.990974
4.55 0.991118 0.991119
4.56 0.99126 0.991261
4.57 0.991401 0.991401
4.58 0.991539 0.99154
4.59 0.991675 0.991676
4.6 0.99181 0.99181
4.61 0.991942 0.991942
4.62 0.992072 0.992073
4.63 0.992201 0.992201
4.64 0.992327 0.992328
4.65 0.992452 0.992453
4.66 0.992575 0.992576
4.67 0.992696 0.992697
4.68 0.992815 0.992816
4.69 0.992933 0.992933
4.7 0.993048 0.993049
4.71 0.993162 0.993163
4.72 0.993275 0.993275
4.73 0.993385 0.993386
4.74 0.993494 0.993495
4.75 0.993602 0.993602
4.76 0.993708 0.993708
4.77 0.993812 0.993812
4.78 0.993914 0.993915
4.79 0.994015 0.994016
4.8 0.994115 0.994115
4.81 0.994213 0.994213
4.82 0.994309 0.99431
4.83 0.994404 0.994405
4.84 0.994498 0.994499
4.85 0.99459 0.994591
4.86 0.994681 0.994682
4.87 0.99477 0.994771
4.88 0.994858 0.994859
4.89 0.994945 0.994946
4.9 0.99503 0.995031
4.91 0.995114 0.995115
4.92 0.995197 0.995198
4.93 0.995278 0.995279
4.94 0.995359 0.995359
4.95 0.995438 0.995438
4.96 0.995515 0.995516
4.97 0.995592 0.995592
4.98 0.995667 0.995668
4.99 0.995741 0.995742
5 0.995814 0.995815
5.01 0.995886 0.995887
5.02 0.995957 0.995957
5.03 0.996026 0.996027
5.04 0.996095 0.996095
5.05 0.996162 0.996163
5.06 0.996229 0.996229
5.07 0.996294 0.996295
5.08 0.996358 0.996359
5.09 0.996421 0.996422
5.1 0.996484 0.996484
5.11 0.996545 0.996546
5.12 0.996605 0.996606
5.13 0.996664 0.996665
5.14 0.996723 0.996723
5.15 0.99678 0.996781
5.16 0.996837 0.996837
5.17 0.996892 0.996893
5.18 0.996947 0.996948
5.19 0.997001 0.997001
5.2 0.997054 0.997054
5.21 0.997106 0.997106
5.22 0.997157 0.997158
5.23 0.997207 0.997208
5.24 0.997257 0.997258
5.25 0.997306 0.997306
5.26 0.997354 0.997354
5.27 0.997401 0.997402
5.28 0.997447 0.997448
5.29 0.997493 0.997494
5.3 0.997538 0.997539
5.31 0.997582 0.997583
5.32 0.997626 0.997626
5.33 0.997668 0.997669
5.34 0.99771 0.997711
5.35 0.997752 0.997752
5.36 0.997792 0.997793
5.37 0.997832 0.997833
5.38 0.997872 0.997872
5.39 0.99791 0.997911
5.4 0.997948 0.997949
5.41 0.997985 0.997986
5.42 0.998022 0.998023
5.43 0.998058 0.998059
5.44 0.998094 0.998094
5.45 0.998129 0.998129
5.46 0.998163 0.998164
5.47 0.998197 0.998197
5.48 0.99823 0.99823
5.49 0.998263 0.998263
5.5 0.998295 0.998295
5.51 0.998326 0.998327
5.52 0.998357 0.998358
5.53 0.998387 0.998388
5.54 0.998417 0.998418
5.55 0.998447 0.998447
5.56 0.998476 0.998476
5.57 0.998504 0.998505
5.58 0.998532 0.998532
5.59 0.998559 0.99856
5.6 0.998586 0.998587
5.61 0.998613 0.998613
5.62 0.998639 0.998639
5.63 0.998664 0.998665
5.64 0.99869 0.99869
5.65 0.998714 0.998715
5.66 0.998739 0.998739
5.67 0.998762 0.998763
5.68 0.998786 0.998786
5.69 0.998809 0.998809
5.7 0.998831 0.998832
5.71 0.998854 0.998854
5.72 0.998875 0.998876
5.73 0.998897 0.998897
5.74 0.998918 0.998918
5.75 0.998939 0.998939
5.76 0.998959 0.998959
5.77 0.998979 0.998979
5.78 0.998998 0.998999
5.79 0.999018 0.999018
5.8 0.999037 0.999037
5.81 0.999055 0.999056
5.82 0.999073 0.999074
5.83 0.999091 0.999092
5.84 0.999109 0.999109
5.85 0.999126 0.999127
5.86 0.999143 0.999144
5.87 0.99916 0.99916
5.88 0.999176 0.999177
5.89 0.999192 0.999193
5.9 0.999208 0.999208
5.91 0.999224 0.999224
5.92 0.999239 0.999239
5.93 0.999254 0.999254
5.94 0.999268 0.999269
5.95 0.999283 0.999283
5.96 0.999297 0.999297
5.97 0.999311 0.999311
5.98 0.999324 0.999325
5.99 0.999338 0.999338
6 0.999351 0.999351
6.01 0.999364 0.999364
6.02 0.999376 0.999377
6.03 0.999389 0.999389
6.04 0.999401 0.999401
6.05 0.999413 0.999413
6.06 0.999424 0.999425
6.07 0.999436 0.999436
6.08 0.999447 0.999448
6.09 0.999458 0.999459
6.1 0.999469 0.99947
6.11 0.99948 0.99948
6.12 0.99949 0.999491
6.13 0.999501 0.999501
6.14 0.999511 0.999511
6.15 0.999521 0.999521
6.16 0.99953 0.999531
6.17 0.99954 0.99954
6.18 0.999549 0.999549
6.19 0.999558 0.999559
6.2 0.999567 0.999568
6.21 0.999576 0.999576
6.22 0.999585 0.999585
6.23 0.999593 0.999594
6.24 0.999602 0.999602
6.25 0.99961 0.99961
6.26 0.999618 0.999618
6.27 0.999626 0.999626
6.28 0.999633 0.999634
6.29 0.999641 0.999641
6.3 0.999648 0.999649
6.31 0.999656 0.999656
6.32 0.999663 0.999663
6.33 0.99967 0.99967
6.34 0.999676 0.999677
6.35 0.999683 0.999683
6.36 0.99969 0.99969
6.37 0.999696 0.999696
6.38 0.999703 0.999703
6.39 0.999709 0.999709
6.4 0.999715 0.999715
6.41 0.999721 0.999721
6.42 0.999727 0.999727
6.43 0.999732 0.999733
6.44 0.999738 0.999738
6.45 0.999744 0.999744
6.46 0.999749 0.999749
6.47 0.999754 0.999754
6.48 0.999759 0.99976
6.49 0.999765 0.999765
6.5 0.99977 0.99977
6.51 0.999774 0.999775
6.52 0.999779 0.999779
6.53 0.999784 0.999784
6.54 0.999789 0.999789
6.55 0.999793 0.999793
6.56 0.999797 0.999798
6.57 0.999802 0.999802
6.58 0.999806 0.999806
6.59 0.99981 0.99981
6.6 0.999814 0.999814
6.61 0.999818 0.999818
6.62 0.999822 0.999822
6.63 0.999826 0.999826
6.64 0.99983 0.99983
6.65 0.999833 0.999834
6.66 0.999837 0.999837
6.67 0.999841 0.999841
6.68 0.999844 0.999844
6.69 0.999847 0.999848
6.7 0.999851 0.999851
6.71 0.999854 0.999854
6.72 0.999857 0.999857
6.73 0.99986 0.99986
6.74 0.999863 0.999863
6.75 0.999866 0.999866
6.76 0.999869 0.999869
6.77 0.999872 0.999872
6.78 0.999875 0.999875
6.79 0.999878 0.999878
6.8 0.99988 0.999881
6.81 0.999883 0.999883
6.82 0.999886 0.999886
6.83 0.999888 0.999888
6.84 0.999891 0.999891
6.85 0.999893 0.999893
6.86 0.999895 0.999896
6.87 0.999898 0.999898
6.88 0.9999 0.9999
6.89 0.999902 0.999902
6.9 0.999904 0.999905
6.91 0.999907 0.999907
6.92 0.999909 0.999909
6.93 0.999911 0.999911
6.94 0.999913 0.999913
6.95 0.999915 0.999915
6.96 0.999917 0.999917
6.97 0.999918 0.999919
6.98 0.99992 0.99992
6.99 0.999922 0.999922
7 0.999924 0.999924
7.01 0.999926 0.999926
7.02 0.999927 0.999927
7.03 0.999929 0.999929
7.04 0.999931 0.999931
7.05 0.999932 0.999932
7.06 0.999934 0.999934
7.07 0.999935 0.999935
7.08 0.999937 0.999937
7.09 0.999938 0.999938
7.1 0.99994 0.99994
7.11 0.999941 0.999941
7.12 0.999942 0.999942
7.13 0.999944 0.999944
7.14 0.999945 0.999945
7.15 0.999946 0.999946
7.16 0.999947 0.999947
7.17 0.999949 0.999949
7.18 0.99995 0.99995
7.19 0.999951 0.999951
7.2 0.999952 0.999952
7.21 0.999953 0.999953
7.22 0.999954 0.999954
7.23 0.999955 0.999955
7.24 0.999956 0.999956
7.25 0.999957 0.999957
7.26 0.999958 0.999958
7.27 0.999959 0.999959
7.28 0.99996 0.99996
7.29 0.999961 0.999961
7.3 0.999962 0.999962
7.31 0.999963 0.999963
7.32 0.999964 0.999964
7.33 0.999965 0.999965
7.34 0.999966 0.999966
7.35 0.999966 0.999966
7.36 0.999967 0.999967
7.37 0.999968 0.999968
7.38 0.999969 0.999969
7.39 0.99997 0.99997
7.4 0.99997 0.99997
7.41 0.999971 0.999971
7.42 0.999972 0.999972
7.43 0.999972 0.999972
7.44 0.999973 0.999973
7.45 0.999974 0.999974
7.46 0.999974 0.999974
7.47 0.999975 0.999975
7.48 0.999975 0.999976
7.49 0.999976 0.999976
7.5 0.999977 0.999977
7.51 0.999977 0.999977
7.52 0.999978 0.999978
7.53 0.999978 0.999978
7.54 0.999979 0.999979
7.55 0.999979 0.999979
7.56 0.99998 0.99998
7.57 0.99998 0.99998
7.58 0.999981 0.999981
7.59 0.999981 0.999981
7.6 0.999982 0.999982
7.61 0.999982 0.999982
7.62 0.999983 0.999983
7.63 0.999983 0.999983
7.64 0.999983 0.999983
7.65 0.999984 0.999984
7.66 0.999984 0.999984
7.67 0.999985 0.999985
7.68 0.999985 0.999985
7.69 0.999985 0.999985
7.7 0.999986 0.999986
7.71 0.999986 0.999986
7.72 0.999986 0.999986
7.73 0.999987 0.999987
7.74 0.999987 0.999987
7.75 0.999987 0.999987
7.76 0.999988 0.999988
7.77 0.999988 0.999988
7.78 0.999988 0.999988
7.79 0.999989 0.999989
7.8 0.999989 0.999989
7.81 0.999989 0.999989
7.82 0.999989 0.999989
7.83 0.99999 0.99999
7.84 0.99999 0.99999
7.85 0.99999 0.99999
7.86 0.99999 0.99999
7.87 0.999991 0.999991
7.88 0.999991 0.999991
7.89 0.999991 0.999991
7.9 0.999991 0.999991
7.91 0.999992 0.999992
7.92 0.999992 0.999992
7.93 0.999992 0.999992
7.94 0.999992 0.999992
7.95 0.999992 0.999992
7.96 0.999993 0.999993
7.97 0.999993 0.999993
7.98 0.999993 0.999993
7.99 0.999993 0.999993
8 0.999993 0.999993
8.01 0.999994 0.999994
8.02 0.999994 0.999994
8.03 0.999994 0.999994
8.04 0.999994 0.999994
8.05 0.999994 0.999994
8.06 0.999994 0.999994
8.07 0.999994 0.999994
8.08 0.999995 0.999995
8.09 0.999995 0.999995
8.1 0.999995 0.999995
8.11 0.999995 0.999995
8.12 0.999995 0.999995
8.13 0.999995 0.999995
8.14 0.999995 0.999995
8.15 0.999995 0.999996
8.16 0.999996 0.999996
8.17 0.999996 0.999996
8.18 0.999996 0.999996
8.19 0.999996 0.999996
8.2 0.999996 0.999996
8.21 0.999996 0.999996
8.22 0.999996 0.999996
8.23 0.999996 0.999996
8.24 0.999996 0.999996
8.25 0.999997 0.999997
8.26 0.999997 0.999997
8.27 0.999997 0.999997
8.28 0.999997 0.999997
8.29 0.999997 0.999997
8.3 0.999997 0.999997
8.31 0.999997 0.999997
8.32 0.999997 0.999997
8.33 0.999997 0.999997
8.34 0.999997 0.999997
8.35 0.999997 0.999997
8.36 0.999997 0.999997
8.37 0.999997 0.999998
8.38 0.999998 0.999998
8.39 0.999998 0.999998
8.4 0.999998 0.999998
8.41 0.999998 0.999998
8.42 0.999998 0.999998
8.43 0.999998 0.999998
8.44 0.999998 0.999998
8.45 0.999998 0.999998
8.46 0.999998 0.999998
8.47 0.999998 0.999998
8.48 0.999998 0.999998
8.49 0.999998 0.999998
8.5 0.999998 0.999998
8.51 0.999998 0.999998
8.52 0.999998 0.999998
8.53 0.999998 0.999998
8.54 0.999998 0.999998
8.55 0.999998 0.999998
8.56 0.999999 0.999999
8.57 0.999999 0.999999
8.58 0.999999 0.999999
8.59 0.999999 0.999999
8.6 0.999999 0.999999
8.61 0.999999 0.999999
8.62 0.999999 0.999999
8.63 0.999999 0.999999
8.64 0.999999 0.999999
8.65 0.999999 0.999999
8.66 0.999999 0.999999
8.67 0.999999 0.999999
8.68 0.999999 0.999999
8.69 0.999999 0.999999
8.7 0.999999 0.999999
8.71 0.999999 0.999999
8.72 0.999999 0.999999
8.73 0.999999 0.999999
8.74 0.999999 0.999999
8.75 0.999999 0.999999
8.76 0.999999 0.999999
8.77 0.999999 0.999999
8.78 0.999999 0.999999
8.79 0.999999 0.999999
8.8 0.999999 0.999999
8.81 0.999999 0.999999
8.82 0.999999 0.999999
8.83 0.999999 0.999999
8.84 0.999999 0.999999
8.85 0.999999 0.999999
8.86 0.999999 0.999999
8.87 0.999999 0.999999
8.88 0.999999 0.999999
8.89 0.999999 0.999999
8.9 0.999999 0.999999
8.91 0.999999 0.999999
8.92 0.999999 0.999999
8.93 0.999999 0.999999
8.94 0.999999 0.999999
8.95 1 1
8.96 1 1
8.97 1 1
8.98 1 1
8.99 1 1
9 1 1
9.01 1 1
9.02 1 1
9.03 1 1
9.04 1 1
9.05 1 1
9.06 1 1
9.07 1 1
9.08 1 1
9.09 1 1
9.1 1 1
9.11 1 1
9.12 1 1
9.13 1 1
9.14 1 1
9.15 1 1
9.16 1 1
9.17 1 1
9.18 1 1
9.19 1 1
9.2 1 1
9.21 1 1
9.22 1 1
9.23 1 1
9.24 1 1
9.25 1 1
9.26 1 1
9.27 1 1
9.28 1 1
9.29 1 1
9.3 1 1
9.31 1 1
9.32 1 1
9.33 1 1
9.34 1 1
9.35 1 1
9.36 1 1
9.37 1 1
9.38 1 1
9.39 1 1
9.4 1 1
9.41 1 1
9.42 1 1
9.43 1 1
9.44 1 1
9.45 1 1
9.46 1 1
9.47 1 1
9.48 1 1
9.49 1 1
9.5 1 1
9.51 1 1
9.52 1 1
9.53 1 1
9.54 1 1
9.55 1 1
9.56 1 1
9.57 1 1
9.58 1 1
9.59 1 1
9.6 1 1
9.61 1 1
9.62 1 1
9.63 1 1
9.64 1 1
9.65 1 1
9.66 1 1
9.67 1 1
9.68 1 1
9.69 1 1
9.7 1 1
9.71 1 1
9.72 1 1
9.73 1 1
9.74 1 1
9.75 1 1
9.76 1 1
9.77 1 1
9.78 1 1
9.79 1 1
9.8 1 1
9.81 1 1
9.82 1 1
9.83 1 1
9.84 1 1
9.85 1 1
9.86 1 1
9.87 1 1
9.88 1 1
9.89 1 1
9.9 1 1
9.91 1 1
9.92 1 1
9.93 1 1
9.94 1 1
9.95 1 1
9.96 1 1
9.97 1 1
9.98 1 1
9.99 1 1
10 1 1
10.01 1 1
10.02 1 1
10.03 1 1
10.04 1 1
10.05 1 1
10.06 1 1
10.07 1 1
10.08 1 1
10.09 1 1
10.1 1 1
10.11 1 1
10.12 1 1
10.13 1 1
10.14 1 1
10.15 1 1
10.16 1 1
10.17 1 1
10.18 1 1
10.19 1 1
10.2 1 1
10.21 1 1
10.22 1 1
10.23 1 1
10.24 1 1
10.25 1 1
10.26 1 1
10.27 1 1
10.28 1 1
10.29 1 1
10.3 1 1
10.31 1 1
10.32 1 1
10.33 1 1
10.34 1 1
10.35 1 1
10.36 1 1
10.37 1 1
10.38 1 1
10.39 1 1
10.4 1 1
10.41 1 1
10.42 1 1
10.43 1 1
10.44 1 1
10.45 1 1
10.46 1 1
10.47 1 1
10.48 1 1
10.49 1 1
10.5 1 1
10.51 1 1
10.52 1 1
10.53 1 1
10.54 1 1
10.55 1 1
10.56 1 1
10.57 1 1
10.58 1 1
10.59 1 1
10.6 1 1
10.61 1 1
10.62 1 1
10.63 1 1
10.64 1 1
10.65 1 1
10.66 1 1
10.67 1 1
10.68 1 1
10.69 1 1
10.7 1 1
10.71 1 1
10.72 1 1
10.73 1 1
10.74 1 1
10.75 1 1
10.76 1 1
10.77 1 1
10.78 1 1
10.79 1 1
10.8 1 1
10.81 1 1
10.82 1 1
10.83 1 1
10.84 1 1
10.85 1 1
10.86 1 1
10.87 1 1
10.88 1 1
10.89 1 1
10.9 1 1
10.91 1 1
10.92 1 1
10.93 1 1
10.94 1 1
10.95 1 1
10.96 1 1
10.97 1 1
10.98 1 1
